	000023
	000026
	000036
	000042
	000045
	000056
	000063
	000166
	000526
	000532
	000610
	000615
	000620
	000622
	000623
	000636
	000656
	000665
	000666
	000667
	000691
	000718
	000725
	000728
	000732
	000783
	000851
	000861
	000917
	000926
	000978
	001226
	001227
	001316
	002002
	002012
	002014
	002133
	002138
	002142
	002187
	002205
	002206
	002210
	002236
	002243
	002251
	002285
	002292
	002296
	002305
	002341
	002396
	002405
	002429
	002433
	002467
	002555
	002561
	002579
	002593
	002605
	002614
	002627
	002628
	002631
	002659
	002666
	002671
	002701
	002786
	002925
	002928
	002936
	002951
	002957
	003012
	003021
	300017
	300033
	300036
	300042
	300069
	300095
	300115
	300140
	300170
	300192
	300220
	300225
	300228
	300237
	300264
	300272
	300284
	300285
	300291
	300304
	300364
	300383
	300393
	300394
	300408
	300419
	300484
	300502
	300528
	300570
	300580
	300594
	300608
	300609
	300638
	300689
	300710
	300742
	300746
	300752
	300785
	300786
	300807
	300847
	300870
	300985
	300991
	300995
	301007
	301013
	301020
	301027
	301030
	301040
	301041
	301058
	301090
	301092
	301123
	301131
	301181
	301186
	600029
	600037
	600051
	600061
	600066
	600067
	600094
	600095
	600099
	600104
	600119
	600155
	600162
	600166
	600173
	600192
	600239
	600337
	600358
	600365
	600369
	600381
	600446
	600466
	600469
	600518
	600552
	600561
	600571
	600579
	600622
	600663
	600665
	600676
	600725
	600741
	600750
	600776
	600785
	600819
	600820
	600830
	600831
	600848
	600880
	600883
	600887
	600895
	600897
	600909
	600927
	600939
	600959
	600960
	600996
	600999
	601002
	601099
	601108
	601111
	601162
	601198
	601208
	601333
	601375
	601519
	601555
	601669
	601677
	601696
	601728
	601800
	601881
	601916
	601929
	601949
	601989
	601990
	601997
	603009
	603017
	603042
	603043
	603058
	603069
	603093
	603111
	603115
	603118
	603136
	603166
	603167
	603176
	603178
	603212
	603258
	603266
	603286
	603316
	603320
	603326
	603356
	603358
	603366
	603383
	603385
	603388
	603390
	603408
	603458
	603499
	603533
	603602
	603616
	603637
	603660
	603679
	603696
	603701
	603726
	603778
	603788
	603789
	603803
	603806
	603815
	603816
	603817
	603828
	603887
	603912
	603918
	603920
	603926
	603927
	603950
	603956
	603983
	603988
	603989
	605005
	605016
	605050
	605151
	605155
	605168
	605179
	605255
	605288
	605289
	688002
	688007
	688019
	688039
	688051
	688102
	688111
	688119
	688121
	688158
	688163
	688171
	688175
	688209
	688211
	688219
	688225
	688228
	688257
	688272
	688357
	688500
	688519
	688551
	688555
	688609
	688616
	688659
	688679
	688718
