	000010
	000056
	000507
	000665
	000667
	000681
	000750
	001213
	002113
	002138
	002205
	002206
	002210
	002212
	002243
	002305
	002325
	002463
	002614
	002757
	002774
	002841
	002884
	002957
	003007
	003038
	300061
	300089
	300225
	300249
	300272
	300285
	300305
	300383
	300394
	300408
	300415
	300446
	300465
	300467
	300476
	300480
	300502
	300550
	300588
	300599
	300603
	300609
	300621
	300694
	300767
	300786
	300826
	300872
	300923
	300936
	300992
	301013
	301022
	301025
	301030
	301040
	301041
	301063
	301072
	301085
	301090
	301100
	301106
	301128
	301129
	301131
	301167
	301181
	301185
	301200
	301212
	301213
	301215
	301248
	600033
	600061
	600094
	600099
	600108
	600120
	600185
	600198
	600243
	600246
	600262
	600266
	600283
	600289
	600301
	600306
	600308
	600311
	600313
	600318
	600482
	600518
	600566
	600604
	600624
	600676
	600683
	600684
	600693
	600706
	600712
	600714
	600726
	600738
	600755
	600820
	600831
	600850
	600881
	600959
	600968
	601009
	601020
	601028
	601077
	601098
	601162
	601208
	601258
	601333
	601568
	601696
	601728
	601825
	601858
	601865
	601916
	601952
	601997
	603031
	603035
	603058
	603070
	603093
	603110
	603116
	603131
	603159
	603212
	603228
	603266
	603267
	603533
	603577
	603660
	603727
	603806
	603816
	603887
	603909
	603918
	603926
	603989
	603991
	605005
	605099
	605167
	605208
	605289
	688002
	688008
	688009
	688039
	688056
	688087
	688092
	688096
	688099
	688111
	688118
	688153
	688158
	688163
	688171
	688175
	688182
	688201
	688211
	688217
	688228
	688257
	688259
	688272
	688287
	688316
	688327
	688357
	688398
	688418
	688500
	688519
	688555
	688557
	688565
	688569
	688585
	688609
	688659
	688699
	688718
