	300013
	300108
	300130
	300137
	300233
	300308
	300512
	300550
	300709
	300733
	300767
	300878
	300979
	301072
	301116
	301136
	600016
	600033
	600056
	600061
	600077
	600108
	600111
	600185
	600242
	600246
	600277
	600311
	600339
	600346
	600359
	600368
	600381
	600382
	600426
	600479
	600486
	600518
	600540
	600547
	600566
	600582
	600583
	600587
	600595
	600599
	600663
	600693
	600717
	600726
	600746
	600755
	600782
	600792
	600850
	600871
	600880
	600941
	601000
	601003
	601077
	601098
	601107
	601156
	601233
	601728
	601801
	601808
	601857
	601865
	601899
	601952
	601997
	603013
	603033
	603158
	603169
	603529
	603825
	603979
	688036
	688087
	688099
	688180
	688550
