	000038
	000056
	000150
	000401
	000538
	000560
	000573
	000587
	000608
	000616
	000626
	000639
	000656
	000668
	000669
	000671
	000718
	000732
	000739
	000789
	000796
	000825
	000826
	000861
	000932
	000961
	001202
	001218
	002001
	002022
	002024
	002084
	002146
	002177
	002233
	002313
	002316
	002321
	002382
	002398
	002425
	002470
	002485
	002532
	002569
	002751
	002777
	002778
	002798
	002822
	002825
	002861
	002919
	002948
	002986
	002987
	003007
	003020
	003023
	003027
	300006
	300081
	300087
	300158
	300159
	300175
	300204
	300205
	300226
	300254
	300259
	300273
	300282
	300292
	300297
	300301
	300338
	300348
	300356
	300387
	300392
	300404
	300405
	300422
	300449
	300467
	300468
	300476
	300480
	300500
	300576
	300579
	300584
	300588
	300601
	300606
	300608
	300639
	300701
	300746
	300753
	300756
	300766
	300768
	300773
	300785
	300786
	300790
	300806
	300813
	300823
	300824
	300839
	300841
	300844
	300845
	300867
	300868
	300872
	300875
	300884
	300922
	300929
	300935
	300940
	300941
	300943
	300950
	300959
	300970
	300975
	300976
	300977
	300981
	300984
	300987
	300989
	300991
	301002
	301003
	301008
	301009
	301011
	301026
	301036
	301075
	301078
	301087
	301089
	301093
	301111
	600071
	600100
	600136
	600221
	600239
	600242
	600266
	600282
	600290
	600303
	600327
	600352
	600426
	600466
	600512
	600535
	600567
	600606
	600665
	600671
	600748
	600804
	600810
	600814
	600823
	600984
	601000
	601003
	601158
	601166
	601360
	601366
	601568
	601677
	601728
	601860
	601899
	601997
	603060
	603171
	603258
	603458
	603506
	603538
	603565
	603567
	603610
	603616
	603759
	603808
	603818
	603828
	603836
	603896
	603926
	603956
	603967
	603995
	605077
	605081
	605098
	605155
	605169
	605296
	605358
	605389
	688029
	688051
	688075
	688093
	688117
	688217
	688330
	688339
	688369
	688500
	688565
