	000021
	000028
	000157
	000401
	000488
	000526
	000528
	000538
	000627
	000651
	000656
	000661
	000671
	000703
	000725
	000735
	000750
	000785
	000813
	000860
	000878
	000886
	000913
	000918
	000923
	000928
	000951
	000961
	000976
	002007
	002024
	002027
	002032
	002035
	002044
	002075
	002081
	002084
	002124
	002127
	002146
	002157
	002211
	002226
	002233
	002242
	002250
	002282
	002294
	002301
	002381
	002382
	002387
	002395
	002406
	002414
	002422
	002430
	002456
	002493
	002508
	002511
	002558
	002563
	002568
	002572
	002579
	002600
	002601
	002607
	002614
	002618
	002626
	002641
	002670
	002673
	002675
	002677
	002695
	002705
	002706
	002714
	002773
	002778
	002798
	002799
	002803
	002833
	002841
	002853
	002867
	002869
	002871
	002880
	002891
	002901
	002909
	002918
	002925
	002942
	002959
	002968
	300009
	300010
	300015
	300030
	300064
	300132
	300136
	300143
	300168
	300178
	300190
	300192
	300202
	300271
	300280
	300357
	300379
	300383
	300396
	300413
	300420
	300463
	300464
	300486
	300511
	300522
	300523
	300529
	300550
	300551
	300563
	300566
	300607
	300616
	300642
	300651
	300658
	300669
	300673
	300676
	300677
	300689
	300701
	300702
	300715
	300720
	300737
	300747
	300753
	300762
	300782
	300788
	300791
	300792
	600000
	600016
	600050
	600061
	600066
	600079
	600093
	600167
	600201
	600228
	600260
	600276
	600297
	600305
	600337
	600340
	600377
	600390
	600409
	600466
	600498
	600570
	600612
	600621
	600776
	600823
	600835
	600844
	600848
	600872
	600890
	600909
	600928
	600966
	600998
	600999
	601003
	601162
	601233
	601319
	601336
	601360
	601398
	601519
	601577
	601601
	601858
	601860
	601933
	601997
	603000
	603016
	603027
	603039
	603040
	603043
	603096
	603160
	603180
	603208
	603225
	603232
	603233
	603238
	603313
	603317
	603322
	603330
	603377
	603387
	603416
	603515
	603516
	603583
	603638
	603658
	603661
	603680
	603699
	603708
	603711
	603737
	603757
	603801
	603810
	603866
	603880
	603883
	603887
	603898
	603939
	603966
	603983
	605218
	688098
	688577
	688595
