	00010
	00016
	00027
	00041
	00101
	00173
	00220
	00241
	00285
	00337
	00341
	00345
	00384
	00468
	00480
	00493
	00520
	00522
	00535
	00604
	00656
	00665
	00696
	00698
	00700
	00743
	00806
	00832
	00846
	00861
	00880
	00884
	00895
	00914
	00951
	00966
	00978
	01060
	01070
	01098
	01112
	01128
	01157
	01233
	01313
	01336
	01382
	01448
	01515
	01521
	01579
	01628
	01755
	01765
	01773
	01789
	01797
	01812
	01813
	01839
	01848
	01928
	01951
	01966
	01972
	01988
	02007
	02048
	02128
	02202
	02282
	02318
	02338
	02601
	02628
	02772
	02777
	02858
	03301
	03360
	03383
	03692
	03808
	06068
	06088
	06110
	06186
	06808
	06862
	09928
